[-2.5709945306600623, -7.587765411116061, -11.173494380928513, -11.2290660053095, -22.820376532671048, -15.024955906136034, -22.46974638230728]
[-2.5673958636640695, -5.724524170554895, -8.565650513641748, -10.495078189854231, -20.10781297264632, -13.568431936944778, -20.275818904678353]
[-2.561161121995373, -6.003091787866075, -9.125249991550252, -9.665549001287836, -19.065180485653745, -12.687207756460149, -19.9181660018977]
[-2.620639263637074, -6.63257684236355, -9.14062535770082, -9.124570280885326, -18.65717433575889, -12.475177051859225, -18.29463710951146]
[-2.7430529127930092, -7.446697568520456, -8.61379312693522, -10.573495722218675, -20.16729944051245, -14.56645830997093, -21.734497623676003]
[-2.568214818248021, -6.454907558272565, -9.335564205038636, -10.317947750927468, -20.16955887648347, -13.832989443298064, -20.627681759837266]
[-2.646268188604922, -8.207968245784283, -9.381675082753924, -9.81442298263321, -19.445301666182985, -14.728243460607287, -19.838924098111303]
[-2.534654549407895, -5.936176212432954, -7.852357132633447, -8.833258499082833, -17.217451542757697, -13.183670485243324, -17.556384867396094]
[-2.6970761922164113, -8.458771086458421, -9.945565358042089, -10.936463412634014, -21.37858163256034, -15.165858595582431, -22.524954640080157]
[-2.649552425463969, -7.783962892080047, -9.432200598859383, -9.742566544353897, -19.329988529263947, -14.042034394395976, -21.20610565185407]
